3
1 2 3 4 5 
6 7 8 9 10
11 12 13 14 15
1 6 11
2 7 12
3 8 13
4 9 14
5 10 15
 
1 1 1 1 1
1 1 1 1 1
1 1 1 1 1 
1 1 1
1 1 1
1 1 1
1 1 1
1 1 1
 
5 2 3 3 0 
6 5 8 1 2 
3 0 1 2 8
7 4 2
2 5 1
1 4 0
3 6 2
4 1 6
